"http://vijay.testingsaas1.com/",McAfee.*New Malware
